23 207
11 10
19 12
13 12
23 15
18 7
7 19
22 23
6 10
17 23
16 10
18 17
15 17
3 9
9 11
20 6
4 17
14 22
18 2
20 18
5 13
5 17
20 15
22 16
5 7
13 22
8 14
4 11
6 12
5 15
4 23
18 6
13 20
15 3
18 21
11 12
22 17
2 4
20 11
12 22
4 6
20 23
21 12
6 5
12 1
11 22
5 11
7 10
20 22
7 13
1 14
12 7
13 3
8 22
3 21
21 16
5 2
4 22
14 19
19 18
3 10
12 10
19 4
7 4
6 19
16 2
9 10
20 17
15 2
5 23
23 10
5 12
17 16
19 13
22 10
15 4
3 11
12 3
7 21
7 8
18 10
2 10
5 8
3 8
12 15
7 15
23 21
11 2
9 19
17 14
4 13
5 16
23 13
17 11
1 3
10 15
20 16
16 7
3 17
16 12
12 23
15 19
3 6
21 20
20 2
23 14
21 8
2 21
11 21
13 6
23 1
7 22
7 14
15 9
21 22
19 11
8 10
7 6
19 22
9 6
10 13
19 10
20 3
20 8
21 19
6 21
2 23
16 13
9 8
13 21
17 13
6 23
1 18
22 2
23 8
8 16
20 10
5 4
5 14
2 17
18 14
15 8
7 3
3 18
13 14
18 8
17 6
4 12
16 23
8 1
2 9
20 14
23 3
15 13
9 22
1 6
2 14
3 19
18 15
14 16
20 9
11 18
7 2
7 9
18 13
15 21
16 3
16 18
11 8
1 11
6 16
17 19
7 20
2 1
10 4
12 14
8 2
20 19
11 7
6 8
4 18
18 12
10 5
18 5
1 16
3 4
8 19
17 7
15 22
19 2
4 8
1 19
9 18
10 21
14 3
1 10
5 21
5 9
8 13
12 8
3 2
2 6
2 12
12 20
9 14
20 4
2 13
17 8
0 0
