32 132
18 27
20 25
19 9
1 13
8 30
16 24
22 8
3 27
30 25
17 18
17 20
8 26
9 12
6 31
5 10
6 28
3 22
2 21
2 25
27 10
31 21
29 10
23 30
22 19
29 7
2 30
28 25
15 23
9 4
1 23
7 24
14 28
20 10
20 23
28 21
12 2
4 14
29 3
30 21
12 26
28 7
28 29
15 32
21 17
2 29
16 15
19 15
14 27
29 20
6 26
24 6
1 8
7 15
29 19
18 15
9 24
8 29
12 10
23 4
11 4
11 1
4 2
18 9
5 8
25 29
30 27
10 19
16 19
9 15
16 28
20 31
30 29
30 24
5 13
23 7
19 25
27 31
31 29
27 16
18 21
10 16
7 2
14 30
9 8
18 31
17 22
17 13
30 32
14 22
25 18
7 9
17 10
4 17
31 32
6 1
13 20
27 25
26 10
22 6
11 18
21 13
6 19
12 8
10 18
20 8
2 6
27 6
28 9
17 24
16 25
30 15
22 26
3 31
30 3
21 26
23 3
4 12
22 25
23 22
23 14
17 7
7 11
19 24
20 14
29 4
24 12
28 27
19 18
17 3
2 18
22 28
15 10
0 0
